image_width: 640
image_height: 480
camera_name: usb_cam
camera_matrix:
  rows: 3
  cols: 3
  data: [525.05092,   0.     , 310.34657,
           0.     , 523.93522, 226.77621,
           0.     ,   0.     ,   1.     ]
distortion_model: plumb_bob
distortion_coefficients:
  rows: 1
  cols: 5
  data: [0.175885, -0.304642, 0.003523, 0.003155, 0.000000]
rectification_matrix:
  rows: 3
  cols: 3
  data: [1., 0., 0.,
         0., 1., 0.,
         0., 0., 1.]
projection_matrix:
  rows: 3
  cols: 4
  data: [537.03632,   0.     , 311.38022,   0.     ,
           0.     , 537.32056, 227.55465,   0.     ,
           0.     ,   0.     ,   1.     ,   0.     ]
